500
6339513311533857043
8488749449765559379
656224501125766905
7523289207838161999
827598205615522160
1211456768
8963664972021612777
1198306353
1791768357
92243085969424225
4252489208372098643
7855576284454704496
142039819
1412274075708018908
1567360428
1811738015
3062177032538509561
6480701172898637483
1870366915787232120
1915630317
3288495172144444537
1345283144
1422529023133717074
8516514935958378780
162999131
297142084
3529021998114545910
538724478
1549985736
1145539660
202556633
3129672434971619487
6007117576982471966
103139709310973909
4545386893471038090
1463499407
2753367052870495055
2637321039063479268
2953359261884446282
4794182937070798606
736233010
1300677218809699687
8440343030683471884
3028858447267740125
4822691903526067507
1148346092
1637719644
4256382669568820361
469041176
5376729279480306986
71196913
2329922504735155334
269848299636346799
6181787412127030261
1789713243
1311190972
99591264
1882399995
1523225154869879331
1627933677
4358587636307489417
3021657524815576944
2847965808844879486
79559603
1510921338
1411932657
3259433238924374899
5935164
2173227375364387608
8501419645762715831
3739312172207405923
1402592734593405001
354648031
492776046
879987182
6505882565565671833
248696476107348363
9070711779076085842
4393945353193797695
1628769598
1611044967
1274258103
1690607818
1868158487
62290497
5032754761799901624
2078914335
8305134692724671382
705657581
1682103875
703695175
7501864626100972534
793257622
15410181
1951894912
1885090044
5312467409603917949
1334009450
1970589328
9026755425595528168
2826083345356732769
217222118
1561245342
7479310743428980387
2077822389
3807420805976165724
3810444053174084687
213187108933842812
5773878829556512563
1550238368891935145
6956776974218433094
1826170875
2153858808409344245
6781438383836313164
6953249658999764920
2714055335619407447
745722654727608876
1633432636934402761
1638279431
55760431
984944616
1766402245
287972813
458068260
1708546579
132691132
3263485827015159275
945202691
1307881072
2394591629342717805
945050306
1900814058
8142388167627481566
461132719
350199045
1339401479
993949135125502087
1676935017
2097156265
1692909264
9114190264099398383
5631557944563224676
3555864400240246611
3773083294267783032
7246608624715207311
8736896675597084976
1194367344579762347
1214544971
4041693534549408701
5624739905723308817
2409162771964732643
1668890275
9641242485080184
1432238468204528491
7586582806680530781
1496210770
414727529
2603766722701875470
8878547327312890886
68932472
1015993134
1219874941
2135597383242608798
6362124827967515185
5641559250597198658
980373336645250802
1152221314
5750597334144431659
1433052296984547476
641991518
29702089
1563542412
445153005409688016
8213018279360592665
168669467
896024335
1658067009
1770127591
4822557635484498344
1643333071678624050
5787919079127228436
7391197375214920152
790289271
1562691616
835762425
1758265384
192347601
1630687883
250088522971876061
5077185149530300892
837740325
4409702910351943608
1475913917458827447
685780031
2694791904918835861
8198847375343299000
6363888553167354699
2000625815
177168641384900111
3406427747902100592
4685453424164521056
973698604
3856092063159193562
6885954111495248080
77607251
270938994
2080951337
294906515
1631708299
1555511540
1546074736
513126984
1674377041
262456361
2088627689
1640519979
1475425481
5280716196171061504
7890801100834077061
1634092903
1123539893
1143224286514593985
5027841969775140587
410767327
3719826703830551338
533732175
6332244864429628628
1784742955
1313682341
1468110663
578319431
2088369684
2410920790860655522
124495032
2056883785
426690545
873353247
253368885
1229005152
4316758023905043606
1948415974
346952892
1162492209052577114
7436870282437150474
1057764578
457349031
1746525656
4748855972979062445
773297291
2639622302869102641
6008535293565842828
7635519962987705566
7763887957995467415
3992020796293828605
3075656283373055242
200264261
408715399
175737388643940825
1710406775
8506609804185822709
797396124
6379362423757694306
6769302848681027501
287622890
5968325282246438387
3222105246571310951
2028978341
4869252774281621517
760359308544304802
3761605380769128091
235505842014614457
1830827765
1598786844989550776
4914545373929340742
7391450532997167558
434422329
400179366184477991
369072370
4594140007319748507
1602032636
6774302746453292324
101683063
5356370719762888692
2042987695
1106279201
1856822463
278225309
419192487264051754
4921133098045342020
877695257
1957954279113372225
5600302388122035076
619446785
967931912
4668284869968384223
8488749449765559379
6685748829239555090
5825517882904964453
888522110
658872111
4825705652778869151
1070122
2904183514178216582
408249941
437584180585569597
1893271678
7807661421296694339
483712630159761499
1118881717
1452374004215218172
5136030261853946027
2143663283
247568618
361689457
6261277949724896482
730500993
3315323581293166909
820124472
997606759
3039095209427678249
1962798985
5895427100889860297
29425164983398997
7200890166679461759
1519934813
601350418428598219
2654581905622518620
8500612718861798078
5344934911218016293
740854673851755129
500735272
1549114825
1856542097896763650
1881123069628747415
8162741238408362784
1945627664
1360139655733163610
5868196782628741786
1794811859
446743710
4351564777006414629
1861559706
1894564274
537823311145099680
883490735795377582
2464769813994319206
6965078224661465971
2133865288
2107062654
6823429124981332715
2022315887
4019151871200964897
52151787
1220111851
581394557
5299803838485515177
190839661545593238
927577169
1370498010061489041
7761705055579853055
1680799023
1184126610
581562466
5979659495147109802
6722823926406822469
7255314172027880690
1101873922
4181807759965649271
969061015
3560905913258940496
1824246548
1496821565
303943886972558628
2011078613
1869830141790349191
6491679373656865759
3509572600456716703
632438522
5029435034892589733
1996031310024166140
382015992886929539
162433223
2138894478310520879
1924882740475362756
3798508410280582349
2397254587533834525
3165374484061726642
934578890
3939724652828525040
6895644436065428873
8507106596263883647
267143445
4179204449236318772
646004964
5614655178588007470
42730425
2830308747298569261
275319927728289180
8202255470368024511
6572935568411537098
633433726
2028211996
3984345472522847218
455418020
337129108
2092001587
1385917462
678303650215229178
1074856434
1409396155
2806981219827696502
6504450853920991066
5805487843863355161
85400824
1828214426
1159004063
4831682225485575244
3746381118058843360
8695119678857861105
2130744795
7639375841843808756
1388926413
1561140607
8812489900372453324
6609609649460594948
4242946861955581910
887181550
1445718297
833243427
854779375856395759
7671713867419580412
241390826
1845030198
839388003222578224
3625793237259141380
1583968808608397165
1403290175
1435981471665154398
109350957
4608200408572602138
123865317578715491
1518234070
881664071454810264
3197013167223906198
1525922616926004254
483396613
869967075382059126
4552720453182951133
1207575538
1417123606
8221185774315582079
756833590338662910
758269944
1122465907
1690974686
449259188
125401603
1739745274
1106031511
895862237
9062312220991545280
9034721649321097965
1812239385
6521298583846299123
1538689348388871753
940066592
901850435
4366081200018875964
7749554470088285931
1697629016
3244087184790449568
868961098
447288743
302950814
466268447
6924884747264977226
521824939
1691095457
981187999
1617053123
467256403
1442829398
8497756049043200962
3046019951079616148
336085050
179960803
4961861938289183319
5699102828638567337
8166962565299268543
972252121
252573506
5737703347778817662
1013238514859914553
792897815
7824075123694000184
1017368994
4298916631084579344
1357850036
5209510162452340410
4454867873867682658
108157916343243271
6864384154470692372