500
29702089
99591264
1070122
5935164
15410181
29702089
42730425
52151787
55760431
62290497
68932472
71196913
77607251
79559603
85400824
99591264
101683063
109350957
124495032
125401603
132691132
142039819
162433223
162999131
168669467
179960803
192347601
200264261
202556633
217222118
241390826
247568618
252573506
253368885
262456361
267143445
270938994
278225309
287622890
287972813
294906515
297142084
302950814
336085050
337129108
346952892
350199045
354648031
361689457
369072370
408249941
408715399
410767327
414727529
426690545
434422329
446743710
447288743
449259188
455418020
457349031
458068260
461132719
466268447
467256403
469041176
483396613
492776046
500735272
513126984
521824939
533732175
538724478
578319431
581394557
581562466
619446785
632438522
633433726
641991518
646004964
658872111
685780031
703695175
705657581
730500993
736233010
758269944
773297291
790289271
792897815
793257622
797396124
820124472
833243427
835762425
837740325
868961098
873353247
877695257
879987182
887181550
888522110
895862237
896024335
901850435
927577169
934578890
940066592
945050306
945202691
967931912
969061015
972252121
973698604
981187999
984944616
997606759
1015993134
1017368994
1057764578
1074856434
1101873922
1106031511
1106279201
1118881717
1122465907
1123539893
1145539660
1148346092
1152221314
1159004063
1184126610
1198306353
1207575538
1211456768
1214544971
1219874941
1220111851
1229005152
1274258103
1307881072
1311190972
1313682341
1334009450
1339401479
1345283144
1357850036
1385917462
1388926413
1403290175
1409396155
1411932657
1417123606
1442829398
1445718297
1463499407
1468110663
1475425481
1496210770
1496821565
1510921338
1518234070
1519934813
1546074736
1549114825
1549985736
1555511540
1561140607
1561245342
1562691616
1563542412
1567360428
1602032636
1611044967
1617053123
1627933677
1628769598
1630687883
1631708299
1634092903
1637719644
1638279431
1640519979
1658067009
1668890275
1674377041
1676935017
1680799023
1682103875
1690607818
1690974686
1691095457
1692909264
1697629016
1708546579
1710406775
1739745274
1746525656
1758265384
1766402245
1770127591
1784742955
1789713243
1791768357
1794811859
1811738015
1812239385
1824246548
1826170875
1828214426
1830827765
1845030198
1856822463
1861559706
1868158487
1882399995
1885090044
1893271678
1894564274
1900814058
1915630317
1945627664
1948415974
1951894912
1962798985
1970589328
2000625815
2011078613
2022315887
2028211996
2028978341
2042987695
2056883785
2077822389
2078914335
2080951337
2088369684
2088627689
2092001587
2097156265
2107062654
2130744795
2133865288
2143663283
9641242485080184
29425164983398997
92243085969424225
103139709310973909
108157916343243271
123865317578715491
175737388643940825
177168641384900111
190839661545593238
213187108933842812
235505842014614457
248696476107348363
250088522971876061
269848299636346799
275319927728289180
303943886972558628
382015992886929539
400179366184477991
419192487264051754
437584180585569597
445153005409688016
483712630159761499
537823311145099680
601350418428598219
656224501125766905
678303650215229178
740854673851755129
745722654727608876
756833590338662910
760359308544304802
827598205615522160
839388003222578224
854779375856395759
869967075382059126
881664071454810264
883490735795377582
980373336645250802
993949135125502087
1013238514859914553
1143224286514593985
1162492209052577114
1194367344579762347
1300677218809699687
1360139655733163610
1370498010061489041
1402592734593405001
1412274075708018908
1422529023133717074
1432238468204528491
1433052296984547476
1435981471665154398
1452374004215218172
1475913917458827447
1523225154869879331
1525922616926004254
1538689348388871753
1550238368891935145
1583968808608397165
1598786844989550776
1633432636934402761
1643333071678624050
1856542097896763650
1869830141790349191
1870366915787232120
1881123069628747415
1924882740475362756
1957954279113372225
1996031310024166140
2135597383242608798
2138894478310520879
2153858808409344245
2173227375364387608
2329922504735155334
2394591629342717805
2397254587533834525
2409162771964732643
2410920790860655522
2464769813994319206
2603766722701875470
2637321039063479268
2639622302869102641
2654581905622518620
2694791904918835861
2714055335619407447
2753367052870495055
2806981219827696502
2826083345356732769
2830308747298569261
2847965808844879486
2904183514178216582
2953359261884446282
3021657524815576944
3028858447267740125
3039095209427678249
3046019951079616148
3062177032538509561
3075656283373055242
3129672434971619487
3165374484061726642
3197013167223906198
3222105246571310951
3244087184790449568
3259433238924374899
3263485827015159275
3288495172144444537
3315323581293166909
3406427747902100592
3509572600456716703
3529021998114545910
3555864400240246611
3560905913258940496
3625793237259141380
3719826703830551338
3739312172207405923
3746381118058843360
3761605380769128091
3773083294267783032
3798508410280582349
3807420805976165724
3810444053174084687
3856092063159193562
3939724652828525040
3984345472522847218
3992020796293828605
4019151871200964897
4041693534549408701
4179204449236318772
4181807759965649271
4242946861955581910
4252489208372098643
4256382669568820361
4298916631084579344
4316758023905043606
4351564777006414629
4358587636307489417
4366081200018875964
4393945353193797695
4409702910351943608
4454867873867682658
4545386893471038090
4552720453182951133
4594140007319748507
4608200408572602138
4668284869968384223
4685453424164521056
4748855972979062445
4794182937070798606
4822557635484498344
4822691903526067507
4825705652778869151
4831682225485575244
4869252774281621517
4914545373929340742
4921133098045342020
4961861938289183319
5027841969775140587
5029435034892589733
5032754761799901624
5077185149530300892
5136030261853946027
5209510162452340410
5280716196171061504
5299803838485515177
5312467409603917949
5344934911218016293
5356370719762888692
5376729279480306986
5600302388122035076
5614655178588007470
5624739905723308817
5631557944563224676
5641559250597198658
5699102828638567337
5737703347778817662
5750597334144431659
5773878829556512563
5787919079127228436
5805487843863355161
5825517882904964453
5868196782628741786
5895427100889860297
5968325282246438387
5979659495147109802
6007117576982471966
6008535293565842828
6181787412127030261
6261277949724896482
6332244864429628628
6362124827967515185
6363888553167354699
6379362423757694306
6480701172898637483
6491679373656865759
6504450853920991066
6505882565565671833
6521298583846299123
6572935568411537098
6609609649460594948
6685748829239555090
6722823926406822469
6769302848681027501
6774302746453292324
6781438383836313164
6823429124981332715
6864384154470692372
6885954111495248080
6895644436065428873
6924884747264977226
6953249658999764920
6956776974218433094
6965078224661465971
7200890166679461759
7246608624715207311
7255314172027880690
7391197375214920152
7391450532997167558
7436870282437150474
7479310743428980387
7501864626100972534
7523289207838161999
7586582806680530781
7635519962987705566
7639375841843808756
7671713867419580412
7749554470088285931
7761705055579853055
7763887957995467415
7807661421296694339
7824075123694000184
7855576284454704496
7890801100834077061
8142388167627481566
8162741238408362784
8166962565299268543
8198847375343299000
8202255470368024511
8213018279360592665
8221185774315582079
8305134692724671382
8440343030683471884
8488749449765559379
8497756049043200962
8500612718861798078
8501419645762715831
8506609804185822709
8507106596263883647
8516514935958378780
8695119678857861105
8736896675597084976
8812489900372453324
8878547327312890886
8963664972021612777
9026755425595528168
9034721649321097965
9062312220991545280
9070711779076085842
9114190264099398383